Bearbeite Datei "datenMittel1.zahlen".

Es wurden 50 Zeilen mit folgendem Inhalt gelesen:
[[34, 42], [10, 27], [10, 12], [14, 33], [13, 22], [13, 21], [36, 40], [38, 53], [28, 44], [9, 10], [34, 46], [31, 45], [15, 18], [5, 26], [4, 13], [32, 51], [38, 51], [15, 34], [2, 3], [26, 41], [13, 25], [27, 44], [3, 9], [20, 40], [11, 28], [10, 28], [35, 48], [22, 31], [1, 14], [5, 20], [20, 25], [13, 14], [33, 44], [12, 14], [1, 12], [30, 41], [16, 28], [16, 29], [6, 23], [5, 26], [6, 17], [32, 47], [13, 33], [0, 12], [9, 24], [38, 50], [33, 52], [15, 16], [38, 41], [9, 29]]

Sortiert:
[[2, 3], [3, 9], [9, 10], [10, 12], [1, 12], [0, 12], [4, 13], [1, 14], [13, 14], [12, 14], [15, 16], [6, 17], [15, 18], [5, 20], [13, 21], [13, 22], [6, 23], [9, 24], [13, 25], [20, 25], [5, 26], [5, 26], [10, 27], [11, 28], [10, 28], [16, 28], [16, 29], [9, 29], [22, 31], [14, 33], [13, 33], [15, 34], [36, 40], [20, 40], [26, 41], [30, 41], [38, 41], [34, 42], [28, 44], [27, 44], [33, 44], [31, 45], [34, 46], [32, 47], [35, 48], [38, 50], [32, 51], [38, 51], [33, 52], [38, 53]]

Berechnetes Intervallscheduling:
[[2, 3], [3, 9], [9, 10], [10, 12], [13, 14], [15, 16], [20, 25], [36, 40]]
---------------------------------------------------
Bearbeite Datei "datenMittel2.zahlen".

Es wurden 42 Zeilen mit folgendem Inhalt gelesen:
[[70, 72], [54, 77], [81, 100], [19, 39], [111, 125], [78, 80], [35, 55], [106, 124], [47, 56], [27, 48], [1, 18], [90, 105], [109, 110], [62, 66], [17, 35], [68, 90], [70, 90], [91, 102], [61, 64], [94, 95], [93, 112], [136, 140], [98, 99], [39, 43], [27, 41], [47, 62], [130, 139], [53, 65], [67, 84], [59, 64], [101, 117], [91, 95], [48, 61], [47, 51], [122, 124], [55, 61], [96, 107], [27, 44], [98, 103], [67, 69], [36, 58], [118, 136]]

Sortiert:
[[1, 18], [17, 35], [19, 39], [27, 41], [39, 43], [27, 44], [27, 48], [47, 51], [35, 55], [47, 56], [36, 58], [48, 61], [55, 61], [47, 62], [61, 64], [59, 64], [53, 65], [62, 66], [67, 69], [70, 72], [54, 77], [78, 80], [67, 84], [68, 90], [70, 90], [94, 95], [91, 95], [98, 99], [81, 100], [91, 102], [98, 103], [90, 105], [96, 107], [109, 110], [93, 112], [101, 117], [106, 124], [122, 124], [111, 125], [118, 136], [130, 139], [136, 140]]

Berechnetes Intervallscheduling:
[[1, 18], [19, 39], [39, 43], [47, 51], [55, 61], [61, 64], [67, 69], [70, 72], [78, 80], [94, 95], [98, 99], [109, 110], [122, 124], [130, 139]]
---------------------------------------------------
Bearbeite Datei "datenMittel3.zahlen".

Es wurden 66 Zeilen mit folgendem Inhalt gelesen:
[[2, 15], [42, 69], [127, 153], [30, 45], [40, 66], [128, 159], [24, 57], [78, 84], [68, 97], [155, 162], [91, 94], [112, 129], [102, 124], [29, 32], [175, 205], [31, 53], [185, 213], [158, 167], [95, 108], [164, 196], [115, 130], [81, 94], [156, 178], [81, 90], [29, 48], [164, 186], [78, 98], [131, 164], [39, 72], [38, 71], [111, 118], [37, 45], [166, 187], [193, 226], [135, 137], [31, 47], [197, 222], [62, 76], [42, 55], [42, 43], [12, 15], [133, 155], [94, 126], [141, 166], [146, 169], [37, 68], [131, 151], [161, 170], [17, 25], [4, 10], [176, 179], [99, 124], [128, 150], [173, 191], [47, 52], [35, 55], [126, 155], [173, 195], [89, 101], [60, 84], [37, 68], [169, 180], [195, 210], [80, 93], [73, 100], [5, 12]]

Sortiert:
[[4, 10], [5, 12], [2, 15], [12, 15], [17, 25], [29, 32], [42, 43], [30, 45], [37, 45], [31, 47], [29, 48], [47, 52], [31, 53], [42, 55], [35, 55], [24, 57], [40, 66], [37, 68], [37, 68], [42, 69], [38, 71], [39, 72], [62, 76], [78, 84], [60, 84], [81, 90], [80, 93], [91, 94], [81, 94], [68, 97], [78, 98], [73, 100], [89, 101], [95, 108], [111, 118], [102, 124], [99, 124], [94, 126], [112, 129], [115, 130], [135, 137], [128, 150], [131, 151], [127, 153], [133, 155], [126, 155], [128, 159], [155, 162], [131, 164], [141, 166], [158, 167], [146, 169], [161, 170], [156, 178], [176, 179], [169, 180], [164, 186], [166, 187], [173, 191], [173, 195], [164, 196], [175, 205], [195, 210], [185, 213], [197, 222], [193, 226]]

Berechnetes Intervallscheduling:
[[4, 10], [12, 15], [17, 25], [29, 32], [42, 43], [47, 52], [62, 76], [78, 84], [91, 94], [95, 108], [111, 118], [135, 137], [155, 162], [176, 179], [195, 210]]
---------------------------------------------------
Bearbeite Datei "datenMittel4.zahlen".

Es wurden 66 Zeilen mit folgendem Inhalt gelesen:
[[26, 41], [38, 53], [68, 71], [88, 98], [93, 105], [28, 37], [29, 43], [47, 67], [79, 83], [79, 99], [58, 59], [95, 117], [91, 118], [11, 44], [64, 80], [49, 81], [73, 75], [32, 54], [27, 42], [86, 114], [27, 49], [54, 76], [48, 76], [2, 21], [78, 91], [41, 60], [40, 41], [85, 108], [17, 25], [78, 86], [8, 35], [15, 47], [83, 88], [81, 82], [25, 29], [1, 33], [95, 100], [94, 109], [38, 60], [43, 58], [84, 115], [72, 81], [91, 104], [58, 67], [56, 68], [25, 51], [37, 42], [72, 104], [73, 102], [23, 54], [23, 27], [29, 53], [49, 53], [6, 26], [8, 24], [21, 27], [30, 37], [13, 15], [8, 21], [19, 50], [55, 75], [82, 104], [40, 70], [3, 36], [80, 88], [81, 90]]

Sortiert:
[[13, 15], [2, 21], [8, 21], [8, 24], [17, 25], [6, 26], [23, 27], [21, 27], [25, 29], [1, 33], [8, 35], [3, 36], [28, 37], [30, 37], [26, 41], [40, 41], [27, 42], [37, 42], [29, 43], [11, 44], [15, 47], [27, 49], [19, 50], [25, 51], [38, 53], [29, 53], [49, 53], [32, 54], [23, 54], [43, 58], [58, 59], [41, 60], [38, 60], [47, 67], [58, 67], [56, 68], [40, 70], [68, 71], [73, 75], [55, 75], [54, 76], [48, 76], [64, 80], [49, 81], [72, 81], [81, 82], [79, 83], [78, 86], [83, 88], [80, 88], [81, 90], [78, 91], [88, 98], [79, 99], [95, 100], [73, 102], [91, 104], [72, 104], [82, 104], [93, 105], [85, 108], [94, 109], [86, 114], [84, 115], [95, 117], [91, 118]]

Berechnetes Intervallscheduling:
[[13, 15], [17, 25], [25, 29], [30, 37], [40, 41], [49, 53], [58, 59], [68, 71], [73, 75], [81, 82], [83, 88], [88, 98]]
---------------------------------------------------
Bearbeite Datei "datenMittel5.zahlen".

Es wurden 100 Zeilen mit folgendem Inhalt gelesen:
[[170, 183], [14, 60], [117, 129], [129, 178], [147, 150], [50, 69], [170, 219], [16, 27], [172, 175], [158, 182], [109, 156], [92, 94], [165, 177], [126, 155], [68, 106], [116, 132], [53, 58], [27, 31], [24, 44], [55, 60], [174, 179], [161, 189], [145, 154], [108, 113], [188, 217], [187, 237], [176, 205], [186, 187], [49, 65], [12, 55], [144, 151], [44, 71], [183, 212], [190, 195], [189, 201], [187, 188], [28, 40], [26, 52], [198, 228], [125, 141], [78, 99], [156, 159], [3, 11], [29, 53], [71, 87], [115, 146], [103, 120], [153, 159], [176, 177], [199, 241], [58, 96], [193, 213], [75, 81], [114, 137], [52, 74], [196, 224], [8, 21], [184, 228], [50, 75], [87, 112], [161, 176], [87, 110], [79, 90], [196, 244], [182, 232], [119, 158], [84, 87], [127, 155], [67, 100], [71, 101], [152, 185], [44, 68], [147, 157], [55, 71], [57, 102], [28, 57], [78, 88], [81, 126], [131, 163], [186, 202], [73, 94], [166, 175], [151, 194], [124, 155], [74, 96], [182, 214], [182, 199], [47, 48], [122, 125], [93, 130], [60, 69], [171, 213], [194, 209], [28, 49], [192, 229], [193, 210], [115, 142], [52, 68], [142, 151], [180, 219]]

Sortiert:
[[3, 11], [8, 21], [16, 27], [27, 31], [28, 40], [24, 44], [47, 48], [28, 49], [26, 52], [29, 53], [12, 55], [28, 57], [53, 58], [14, 60], [55, 60], [49, 65], [44, 68], [52, 68], [50, 69], [60, 69], [44, 71], [55, 71], [52, 74], [50, 75], [75, 81], [71, 87], [84, 87], [78, 88], [79, 90], [92, 94], [73, 94], [58, 96], [74, 96], [78, 99], [67, 100], [71, 101], [57, 102], [68, 106], [87, 110], [87, 112], [108, 113], [103, 120], [122, 125], [81, 126], [117, 129], [93, 130], [116, 132], [114, 137], [125, 141], [115, 142], [115, 146], [147, 150], [144, 151], [142, 151], [145, 154], [126, 155], [127, 155], [124, 155], [109, 156], [147, 157], [119, 158], [156, 159], [153, 159], [131, 163], [172, 175], [166, 175], [161, 176], [165, 177], [176, 177], [129, 178], [174, 179], [158, 182], [170, 183], [152, 185], [186, 187], [187, 188], [161, 189], [151, 194], [190, 195], [182, 199], [189, 201], [186, 202], [176, 205], [194, 209], [193, 210], [183, 212], [193, 213], [171, 213], [182, 214], [188, 217], [170, 219], [180, 219], [196, 224], [198, 228], [184, 228], [192, 229], [182, 232], [187, 237], [199, 241], [196, 244]]

Berechnetes Intervallscheduling:
[[3, 11], [16, 27], [27, 31], [47, 48], [53, 58], [60, 69], [75, 81], [84, 87], [92, 94], [108, 113], [122, 125], [125, 141], [147, 150], [156, 159], [172, 175], [176, 177], [186, 187], [187, 188], [190, 195], [196, 224]]
---------------------------------------------------
Bearbeite Datei "datenMittel1.zahlen".

Es wurden 50 Zeilen mit folgendem Inhalt gelesen:
[[34, 42], [10, 27], [10, 12], [14, 33], [13, 22], [13, 21], [36, 40], [38, 53], [28, 44], [9, 10], [34, 46], [31, 45], [15, 18], [5, 26], [4, 13], [32, 51], [38, 51], [15, 34], [2, 3], [26, 41], [13, 25], [27, 44], [3, 9], [20, 40], [11, 28], [10, 28], [35, 48], [22, 31], [1, 14], [5, 20], [20, 25], [13, 14], [33, 44], [12, 14], [1, 12], [30, 41], [16, 28], [16, 29], [6, 23], [5, 26], [6, 17], [32, 47], [13, 33], [0, 12], [9, 24], [38, 50], [33, 52], [15, 16], [38, 41], [9, 29]]

Sortiert:
[[2, 3], [3, 9], [9, 10], [10, 12], [1, 12], [0, 12], [4, 13], [1, 14], [13, 14], [12, 14], [15, 16], [6, 17], [15, 18], [5, 20], [13, 21], [13, 22], [6, 23], [9, 24], [13, 25], [20, 25], [5, 26], [5, 26], [10, 27], [11, 28], [10, 28], [16, 28], [16, 29], [9, 29], [22, 31], [14, 33], [13, 33], [15, 34], [36, 40], [20, 40], [26, 41], [30, 41], [38, 41], [34, 42], [28, 44], [27, 44], [33, 44], [31, 45], [34, 46], [32, 47], [35, 48], [38, 50], [32, 51], [38, 51], [33, 52], [38, 53]]

Berechnetes Latenessscheduling:
[0, 2, 5, 14, 24, 25, 25, 29, 30, 43, 55, 70, 76, 91, 96, 109, 122, 128, 137, 150, 170, 175, 180, 190, 201, 211, 227, 243, 252, 274, 288, 301, 316, 352, 372, 398, 428, 466, 500, 528, 555, 588, 619, 653, 685, 720, 758, 790, 828, 861]

Berechnete maximale Verspätung: 846
---------------------------------------------------
Bearbeite Datei "datenMittel2.zahlen".

Es wurden 42 Zeilen mit folgendem Inhalt gelesen:
[[70, 72], [54, 77], [81, 100], [19, 39], [111, 125], [78, 80], [35, 55], [106, 124], [47, 56], [27, 48], [1, 18], [90, 105], [109, 110], [62, 66], [17, 35], [68, 90], [70, 90], [91, 102], [61, 64], [94, 95], [93, 112], [136, 140], [98, 99], [39, 43], [27, 41], [47, 62], [130, 139], [53, 65], [67, 84], [59, 64], [101, 117], [91, 95], [48, 61], [47, 51], [122, 124], [55, 61], [96, 107], [27, 44], [98, 103], [67, 69], [36, 58], [118, 136]]

Sortiert:
[[1, 18], [17, 35], [19, 39], [27, 41], [39, 43], [27, 44], [27, 48], [47, 51], [35, 55], [47, 56], [36, 58], [48, 61], [55, 61], [47, 62], [61, 64], [59, 64], [53, 65], [62, 66], [67, 69], [70, 72], [54, 77], [78, 80], [67, 84], [68, 90], [70, 90], [94, 95], [91, 95], [98, 99], [81, 100], [91, 102], [98, 103], [90, 105], [96, 107], [109, 110], [93, 112], [101, 117], [106, 124], [122, 124], [111, 125], [118, 136], [130, 139], [136, 140]]

Berechnetes Latenessscheduling:
[0, 1, 18, 37, 64, 103, 130, 157, 204, 239, 286, 322, 370, 425, 472, 533, 592, 645, 707, 774, 844, 898, 976, 1043, 1111, 1181, 1275, 1366, 1464, 1545, 1636, 1734, 1824, 1920, 2029, 2122, 2223, 2329, 2451, 2562, 2680, 2810]

Berechnete maximale Verspätung: 2806
---------------------------------------------------
Bearbeite Datei "datenMittel3.zahlen".

Es wurden 66 Zeilen mit folgendem Inhalt gelesen:
[[2, 15], [42, 69], [127, 153], [30, 45], [40, 66], [128, 159], [24, 57], [78, 84], [68, 97], [155, 162], [91, 94], [112, 129], [102, 124], [29, 32], [175, 205], [31, 53], [185, 213], [158, 167], [95, 108], [164, 196], [115, 130], [81, 94], [156, 178], [81, 90], [29, 48], [164, 186], [78, 98], [131, 164], [39, 72], [38, 71], [111, 118], [37, 45], [166, 187], [193, 226], [135, 137], [31, 47], [197, 222], [62, 76], [42, 55], [42, 43], [12, 15], [133, 155], [94, 126], [141, 166], [146, 169], [37, 68], [131, 151], [161, 170], [17, 25], [4, 10], [176, 179], [99, 124], [128, 150], [173, 191], [47, 52], [35, 55], [126, 155], [173, 195], [89, 101], [60, 84], [37, 68], [169, 180], [195, 210], [80, 93], [73, 100], [5, 12]]

Sortiert:
[[4, 10], [5, 12], [2, 15], [12, 15], [17, 25], [29, 32], [42, 43], [30, 45], [37, 45], [31, 47], [29, 48], [47, 52], [31, 53], [42, 55], [35, 55], [24, 57], [40, 66], [37, 68], [37, 68], [42, 69], [38, 71], [39, 72], [62, 76], [78, 84], [60, 84], [81, 90], [80, 93], [91, 94], [81, 94], [68, 97], [78, 98], [73, 100], [89, 101], [95, 108], [111, 118], [102, 124], [99, 124], [94, 126], [112, 129], [115, 130], [135, 137], [128, 150], [131, 151], [127, 153], [133, 155], [126, 155], [128, 159], [155, 162], [131, 164], [141, 166], [158, 167], [146, 169], [161, 170], [156, 178], [176, 179], [169, 180], [164, 186], [166, 187], [173, 191], [173, 195], [164, 196], [175, 205], [195, 210], [185, 213], [197, 222], [193, 226]]

Berechnetes Latenessscheduling:
[0, 4, 9, 11, 23, 40, 69, 111, 141, 178, 209, 238, 285, 316, 358, 393, 417, 457, 494, 531, 573, 611, 650, 712, 790, 850, 931, 1011, 1102, 1183, 1251, 1329, 1402, 1491, 1586, 1697, 1799, 1898, 1992, 2104, 2219, 2354, 2482, 2613, 2740, 2873, 2999, 3127, 3282, 3413, 3554, 3712, 3858, 4019, 4175, 4351, 4520, 4684, 4850, 5023, 5196, 5360, 5535, 5730, 5915, 6112]

Berechnete maximale Verspätung: 6079
---------------------------------------------------
Bearbeite Datei "datenMittel4.zahlen".

Es wurden 66 Zeilen mit folgendem Inhalt gelesen:
[[26, 41], [38, 53], [68, 71], [88, 98], [93, 105], [28, 37], [29, 43], [47, 67], [79, 83], [79, 99], [58, 59], [95, 117], [91, 118], [11, 44], [64, 80], [49, 81], [73, 75], [32, 54], [27, 42], [86, 114], [27, 49], [54, 76], [48, 76], [2, 21], [78, 91], [41, 60], [40, 41], [85, 108], [17, 25], [78, 86], [8, 35], [15, 47], [83, 88], [81, 82], [25, 29], [1, 33], [95, 100], [94, 109], [38, 60], [43, 58], [84, 115], [72, 81], [91, 104], [58, 67], [56, 68], [25, 51], [37, 42], [72, 104], [73, 102], [23, 54], [23, 27], [29, 53], [49, 53], [6, 26], [8, 24], [21, 27], [30, 37], [13, 15], [8, 21], [19, 50], [55, 75], [82, 104], [40, 70], [3, 36], [80, 88], [81, 90]]

Sortiert:
[[13, 15], [2, 21], [8, 21], [8, 24], [17, 25], [6, 26], [23, 27], [21, 27], [25, 29], [1, 33], [8, 35], [3, 36], [28, 37], [30, 37], [26, 41], [40, 41], [27, 42], [37, 42], [29, 43], [11, 44], [15, 47], [27, 49], [19, 50], [25, 51], [38, 53], [29, 53], [49, 53], [32, 54], [23, 54], [43, 58], [58, 59], [41, 60], [38, 60], [47, 67], [58, 67], [56, 68], [40, 70], [68, 71], [73, 75], [55, 75], [54, 76], [48, 76], [64, 80], [49, 81], [72, 81], [81, 82], [79, 83], [78, 86], [83, 88], [80, 88], [81, 90], [78, 91], [88, 98], [79, 99], [95, 100], [73, 102], [91, 104], [72, 104], [82, 104], [93, 105], [85, 108], [94, 109], [86, 114], [84, 115], [95, 117], [91, 118]]

Berechnetes Latenessscheduling:
[0, 13, 15, 23, 31, 48, 54, 77, 98, 123, 124, 132, 135, 163, 193, 219, 259, 286, 323, 352, 363, 378, 405, 424, 449, 487, 516, 565, 597, 620, 663, 721, 762, 800, 847, 905, 961, 1001, 1069, 1142, 1197, 1251, 1299, 1363, 1412, 1484, 1565, 1644, 1722, 1805, 1885, 1966, 2044, 2132, 2211, 2306, 2379, 2470, 2542, 2624, 2717, 2802, 2896, 2982, 3066, 3161]

Berechnete maximale Verspätung: 3134
---------------------------------------------------
Bearbeite Datei "datenMittel5.zahlen".

Es wurden 100 Zeilen mit folgendem Inhalt gelesen:
[[170, 183], [14, 60], [117, 129], [129, 178], [147, 150], [50, 69], [170, 219], [16, 27], [172, 175], [158, 182], [109, 156], [92, 94], [165, 177], [126, 155], [68, 106], [116, 132], [53, 58], [27, 31], [24, 44], [55, 60], [174, 179], [161, 189], [145, 154], [108, 113], [188, 217], [187, 237], [176, 205], [186, 187], [49, 65], [12, 55], [144, 151], [44, 71], [183, 212], [190, 195], [189, 201], [187, 188], [28, 40], [26, 52], [198, 228], [125, 141], [78, 99], [156, 159], [3, 11], [29, 53], [71, 87], [115, 146], [103, 120], [153, 159], [176, 177], [199, 241], [58, 96], [193, 213], [75, 81], [114, 137], [52, 74], [196, 224], [8, 21], [184, 228], [50, 75], [87, 112], [161, 176], [87, 110], [79, 90], [196, 244], [182, 232], [119, 158], [84, 87], [127, 155], [67, 100], [71, 101], [152, 185], [44, 68], [147, 157], [55, 71], [57, 102], [28, 57], [78, 88], [81, 126], [131, 163], [186, 202], [73, 94], [166, 175], [151, 194], [124, 155], [74, 96], [182, 214], [182, 199], [47, 48], [122, 125], [93, 130], [60, 69], [171, 213], [194, 209], [28, 49], [192, 229], [193, 210], [115, 142], [52, 68], [142, 151], [180, 219]]

Sortiert:
[[3, 11], [8, 21], [16, 27], [27, 31], [28, 40], [24, 44], [47, 48], [28, 49], [26, 52], [29, 53], [12, 55], [28, 57], [53, 58], [14, 60], [55, 60], [49, 65], [44, 68], [52, 68], [50, 69], [60, 69], [44, 71], [55, 71], [52, 74], [50, 75], [75, 81], [71, 87], [84, 87], [78, 88], [79, 90], [92, 94], [73, 94], [58, 96], [74, 96], [78, 99], [67, 100], [71, 101], [57, 102], [68, 106], [87, 110], [87, 112], [108, 113], [103, 120], [122, 125], [81, 126], [117, 129], [93, 130], [116, 132], [114, 137], [125, 141], [115, 142], [115, 146], [147, 150], [144, 151], [142, 151], [145, 154], [126, 155], [127, 155], [124, 155], [109, 156], [147, 157], [119, 158], [156, 159], [153, 159], [131, 163], [172, 175], [166, 175], [161, 176], [165, 177], [176, 177], [129, 178], [174, 179], [158, 182], [170, 183], [152, 185], [186, 187], [187, 188], [161, 189], [151, 194], [190, 195], [182, 199], [189, 201], [186, 202], [176, 205], [194, 209], [193, 210], [183, 212], [193, 213], [171, 213], [182, 214], [188, 217], [170, 219], [180, 219], [196, 224], [198, 228], [184, 228], [192, 229], [182, 232], [187, 237], [199, 241], [196, 244]]

Berechnetes Latenessscheduling:
[0, 3, 11, 27, 54, 82, 106, 153, 181, 207, 236, 248, 276, 329, 343, 398, 447, 491, 543, 593, 653, 697, 752, 804, 854, 929, 1000, 1084, 1162, 1241, 1333, 1406, 1464, 1538, 1616, 1683, 1754, 1811, 1879, 1966, 2053, 2161, 2264, 2386, 2467, 2584, 2677, 2793, 2907, 3032, 3147, 3262, 3409, 3553, 3695, 3840, 3966, 4093, 4217, 4326, 4473, 4592, 4748, 4901, 5032, 5204, 5370, 5531, 5696, 5872, 6001, 6175, 6333, 6503, 6655, 6841, 7028, 7189, 7340, 7530, 7712, 7901, 8087, 8263, 8457, 8650, 8833, 9026, 9197, 9379, 9567, 9737, 9917, 10113, 10311, 10495, 10687, 10869, 11056, 11255]

Berechnete maximale Verspätung: 11207
